timestamp,longitude,latitude,projection_lat,projection_lon,linkPVID
1475292739.0,108.95200000000001,34.262440000000005,34.26232786827696,108.95199909182301,245283769.0
1475292742.0,108.95200000000001,34.262440000000005,34.26232786827696,108.95199909182301,245283769.0
1475292745.0,108.95200000000001,34.262440000000005,34.26232786827696,108.95199909182301,245283769.0
1475292748.0,108.95200000000001,34.262440000000005,34.26232786827696,108.95199909182301,245283769.0
1475292751.0,108.95200000000001,34.262440000000005,34.26232786827696,108.95199909182301,245283769.0
1475292754.0,108.95200000000001,34.262440000000005,34.26232786827696,108.95199909182301,245283769.0
1475292760.0,108.95200000000001,34.262440000000005,34.26232786827696,108.95199909182301,245283769.0
1475292763.0,108.95200000000001,34.262440000000005,34.26232786827696,108.95199909182301,245283769.0
1475292766.0,108.95200000000001,34.262440000000005,34.26232786827696,108.95199909182301,245283769.0
1475292769.0,108.95200000000001,34.262440000000005,34.26232786827696,108.95199909182301,245283769.0
1475292772.0,108.95200000000001,34.262440000000005,34.26232786827696,108.95199909182301,245283769.0
1475292775.0,108.95200000000001,34.262440000000005,34.26232786827696,108.95199909182301,245283769.0
1475292778.0,108.95200000000001,34.262440000000005,34.26232786827696,108.95199909182301,245283769.0
1475292781.0,108.95200000000001,34.262440000000005,34.26232786827696,108.95199909182301,245283769.0
1475292784.0,108.95178,34.262440000000005,34.26232909592044,108.9517791020514,245283769.0
1475292787.0,108.95168999999999,34.262440000000005,34.2623295980243,108.951689106233,245283769.0
1475292790.0,108.95148999999999,34.262440000000005,34.26233071357381,108.95148911551964,245283769.0
1475292793.0,108.9514,34.262440000000005,34.26233121546454,108.95139911969605,245283769.0
1475292796.0,108.95126,34.262440000000005,34.262337533069946,108.95125284784008,245283769.0
1475292799.0,108.95126,34.262440000000005,34.262337533069946,108.95125284784008,245283769.0
1475292802.0,108.95101000000001,34.262440000000005,34.26234950982768,108.95100389976926,245283769.0
1475292805.0,108.95101000000001,34.262440000000005,34.26234950982768,108.95100389976926,245283769.0
1475292808.0,108.9508,34.262440000000005,34.26235323834265,108.95079772356256,245283769.0
1475292811.0,108.95071000000002,34.26245,34.26235486977203,108.95070750413824,245283769.0
1475292814.0,108.95051000000001,34.26245,34.26235848439759,108.95050759917059,245283769.0
1475292817.0,108.95051000000001,34.26245,34.26235848439759,108.95050759917059,245283769.0
1475292820.0,108.95028,34.26245,34.26236264081337,108.95027770842596,245283769.0
1475292824.0,108.95028,34.26245,34.26236264081337,108.95027770842596,245283769.0
1475292826.0,108.95013999999999,34.26245,34.262365170594194,108.95013777491259,245283769.0
1475292829.0,108.95001,34.26245,34.262367519533186,108.9500078366389,245283769.0
1475292832.0,108.95001,34.26245,34.262367519533186,108.9500078366389,245283769.0
1475292835.0,108.94988000000001,34.26245,34.26236986833421,108.94987789835436,245283769.0
1475292838.0,108.94988000000001,34.26245,34.26236986833421,108.94987789835436,245283769.0
1475292841.0,108.94988000000001,34.26245,34.26236986833421,108.94987789835436,245283769.0
1475292844.0,108.94975,34.26245,34.262452069523356,108.94963981091362,39820421.0
1475292847.0,108.94975,34.26245,34.262452069523356,108.94963981091362,39820421.0
1475292850.0,108.94965,34.26245,34.262450201261075,108.94963976025616,39820421.0
1475292853.0,108.94965,34.26245,34.262450201261075,108.94963976025616,39820421.0
1475292856.0,108.94965,34.26245,34.262450201261075,108.94963976025616,39820421.0
1475292859.0,108.94965,34.26245,34.262450201261075,108.94963976025616,39820421.0
1475292862.0,108.94965,34.26245,34.262450201261075,108.94963976025616,39820421.0
1475292865.0,108.94965,34.26245,34.262450201261075,108.94963976025616,39820421.0
1475292868.0,108.94962,34.26249,34.26248962053635,108.94964082910023,39820421.0
1475292871.0,108.94962,34.26249,34.26248962053635,108.94964082910023,39820421.0
1475292874.0,108.94962,34.262609999999995,34.262609559750764,108.94964408122307,39820421.0
1475292877.0,108.94962,34.26278,34.262779473638574,108.9496486883976,39820421.0
1475292880.0,108.94963,34.26293,34.26292963350909,108.94965266397458,39820421.0
1475292883.0,108.94963,34.26307,34.26306957752961,108.9496560351542,39820421.0
1475292886.0,108.94963999999999,34.26327,34.26326966354923,108.9496608551222,39820421.0
1475292889.0,108.94963999999999,34.26345,34.26344959157619,108.94966518949293,39820421.0
1475292892.0,108.94965,34.26362,34.263619688798855,108.94966928845257,39820421.0
1475292895.0,108.94965,34.26382,34.26381960844536,108.94967411596336,39820421.0
1475292898.0,108.94966000000001,34.26397,34.26396971456553,108.94967774061298,39820421.0
1475292901.0,108.94966000000001,34.26397,34.26396971456553,108.94967774061298,39820421.0
1475292904.0,108.94966000000001,34.264140000000005,34.26413964626552,108.94968184399455,39820421.0
1475292907.0,108.94966000000001,34.26421,34.26420959102254,108.94968356902456,39820421.0
1475292910.0,108.94981000000001,34.264379999999996,34.264333663990676,108.94980931602859,142324640.0
1475292913.0,108.95,34.264379999999996,34.26433173191712,108.9499992874163,142324640.0
1475292916.0,108.95024,34.264379999999996,34.264329290981784,108.95023925125582,142324640.0
1475292919.0,108.95052,34.26437,34.26432644112757,108.95051935663383,142324640.0
1475292922.0,108.95081,34.26437,34.26432349037265,108.95080931291712,142324640.0
1475292925.0,108.95105,34.26437,34.2643210478492,108.95104927671473,142324640.0
1475292928.0,108.95105,34.26437,34.2643210478492,108.95104927671473,142324640.0
1475292931.0,108.95101000000001,34.26447,34.26445815532321,108.95100974888821,59868470.0
1475292934.0,108.95087,34.26447,34.26446019697682,108.95086979211256,59868470.0
1475292937.0,108.95057,34.26447,34.264464571409995,108.95056988470185,59868470.0
1475292940.0,108.95022,34.26448,34.26446967707037,108.95021978118912,59868470.0
1475292943.0,108.9499,34.26448,34.26447434140703,108.94989987987944,59868470.0
1475292946.0,108.94958999999999,34.26449,34.26447831866372,108.94958984494929,59868470.0
1475292949.0,108.94928,34.26449,34.26448114767334,108.94927988244416,59868470.0
1475292952.0,108.94892,34.2645,34.264484433197104,108.94891979361955,59868470.0
1475292958.0,108.94818000000001,34.264509999999994,34.264491182172534,108.94817975075851,59868470.0
1475292961.0,108.94786,34.264509999999994,34.264494098741324,108.94785978939188,59868470.0
1475292964.0,108.94766000000001,34.264509999999994,34.26449592117216,108.94765981352087,59868470.0
1475292967.0,108.94766000000001,34.264509999999994,34.26449592117216,108.94765981352087,59868470.0
1475292970.0,108.94766000000001,34.264509999999994,34.26449592117216,108.94765981352087,59868470.0
1475292973.0,108.94766000000001,34.264509999999994,34.26449592117216,108.94765981352087,59868470.0
1475292976.0,108.94766000000001,34.264509999999994,34.26449592117216,108.94765981352087,59868470.0
1475292979.0,108.94766000000001,34.264509999999994,34.26449592117216,108.94765981352087,59868470.0
1475292982.0,108.94766000000001,34.264509999999994,34.26449592117216,108.94765981352087,59868470.0
1475292985.0,108.94766000000001,34.264509999999994,34.26449592117216,108.94765981352087,59868470.0
1475292988.0,108.94766000000001,34.264509999999994,34.26449592117216,108.94765981352087,59868470.0
1475292991.0,108.94766000000001,34.264509999999994,34.26449592117216,108.94765981352087,59868470.0
1475292994.0,108.94766000000001,34.264509999999994,34.26449592117216,108.94765981352087,59868470.0
1475292997.0,108.94766000000001,34.264509999999994,34.26449592117216,108.94765981352087,59868470.0
1475293000.0,108.94766000000001,34.264509999999994,34.26449592117216,108.94765981352087,59868470.0
1475293003.0,108.94766000000001,34.264509999999994,34.26449592117216,108.94765981352087,59868470.0
1475293006.0,108.94766000000001,34.264509999999994,34.26449592117216,108.94765981352087,59868470.0
1475293009.0,108.94766000000001,34.264509999999994,34.26449592117216,108.94765981352087,59868470.0
1475293012.0,108.94766000000001,34.264509999999994,34.26449592117216,108.94765981352087,59868470.0
1475293015.0,108.94766000000001,34.264509999999994,34.26449592117216,108.94765981352087,59868470.0
1475293018.0,108.94766000000001,34.264509999999994,34.26449592117216,108.94765981352087,59868470.0
1475293021.0,108.94766000000001,34.264509999999994,34.26449592117216,108.94765981352087,59868470.0
1475293024.0,108.94766000000001,34.264509999999994,34.26449592117216,108.94765981352087,59868470.0
1475293027.0,108.94766000000001,34.264509999999994,34.26449592117216,108.94765981352087,59868470.0
1475293030.0,108.94766000000001,34.264509999999994,34.26449592117216,108.94765981352087,59868470.0
1475293033.0,108.94766000000001,34.264509999999994,34.26449592117216,108.94765981352087,59868470.0
1475293036.0,108.94766000000001,34.264509999999994,34.26449592117216,108.94765981352087,59868470.0
1475293039.0,108.94766000000001,34.264509999999994,34.26449592117216,108.94765981352087,59868470.0
1475293042.0,108.94766000000001,34.264509999999994,34.26449592117216,108.94765981352087,59868470.0
1475293045.0,108.94766000000001,34.264509999999994,34.26449592117216,108.94765981352087,59868470.0
1475293048.0,108.94766000000001,34.264509999999994,34.26449592117216,108.94765981352087,59868470.0
1475293051.0,108.94766000000001,34.264509999999994,34.26449592117216,108.94765981352087,59868470.0
1475293054.0,108.94766000000001,34.264509999999994,34.26449592117216,108.94765981352087,59868470.0
1475293059.0,108.94766000000001,34.264509999999994,34.26449592117216,108.94765981352087,59868470.0
1475293060.0,108.94766000000001,34.264509999999994,34.26449592117216,108.94765981352087,59868470.0
1475293063.0,108.94745,34.264509999999994,34.26449783437296,108.94744983884243,59868470.0
1475293066.0,108.94735,34.264509999999994,34.26451272429843,108.94722239519476,254489533.0
1475293069.0,108.94726999999999,34.26458,34.264580977748025,108.94722450137638,254489533.0
1475293072.0,108.94726999999999,34.26458,34.264580977748025,108.94722450137638,254489533.0
1475293075.0,108.94726999999999,34.26458,34.264580977748025,108.94722450137638,254489533.0
1475293081.0,108.94726999999999,34.26458,34.264580977748025,108.94722450137638,254489533.0
1475293085.0,108.94721000000001,34.26473,34.26472960675607,108.94722906520799,254489533.0
1475293087.0,108.94721000000001,34.26491,34.26490949005436,108.94723458382994,254489533.0
1475293090.0,108.94721000000001,34.26512,34.265119353903685,108.94724102222672,254489533.0
1475293093.0,108.94722,34.265390000000004,34.265389390185966,108.94724930665592,254489533.0
1475293097.0,108.94722,34.265640000000005,34.26563922810408,108.94725697142769,254489533.0
1475293099.0,108.94722,34.26591,34.26590905305789,108.94726524938886,254489533.0
1475293103.0,108.94722,34.2661,34.266098929878645,108.94727107462559,254489533.0
1475293106.0,108.94722,34.2661,34.266098929878645,108.94727107462559,254489533.0
1475293109.0,108.94722,34.2661,34.266098929878645,108.94727107462559,254489533.0
1475293112.0,108.94722,34.2661,34.266098929878645,108.94727107462559,254489533.0
1475293115.0,108.94722,34.2661,34.266098929878645,108.94727107462559,254489533.0
1475293118.0,108.94722,34.2661,34.266098929878645,108.94727107462559,254489533.0
1475293121.0,108.94722,34.2661,34.266098929878645,108.94727107462559,254489533.0
1475293124.0,108.94722,34.2661,34.266098929878645,108.94727107462559,254489533.0
1475293127.0,108.94722,34.26619,34.26618887153098,108.94727383394964,254489533.0
1475293130.0,108.94722,34.26636,34.26635876131943,108.94727904600857,254489533.0
1475293133.0,108.94723,34.26655,34.26654884946689,108.94728487773796,254489533.0
1475293136.0,108.94723,34.26681,34.266822325731546,108.94723063253667,59868455.0
1475293139.0,108.94724,34.26708,34.2670794233062,108.94730266855795,254489533.0
1475293142.0,108.94724,34.26736,34.267359387723545,108.9473064707494,254489533.0
1475293145.0,108.94724,34.26764,34.26763935214211,108.94731027291745,254489533.0
1475293148.0,108.94724,34.26791,34.267909317832675,108.94731393927161,254489533.0
1475293151.0,108.94724,34.26812,34.26811929114835,108.9473167908654,254489533.0
1475293154.0,108.94724,34.268209999999996,34.26820874878755,108.9473187910116,254489533.0
1475293157.0,108.94724,34.268209999999996,34.26820874878755,108.9473187910116,254489533.0
1475293160.0,108.94724,34.268209999999996,34.26820874878755,108.9473187910116,254489533.0
1475293163.0,108.94724,34.268209999999996,34.26820874878755,108.9473187910116,254489533.0
1475293166.0,108.94724,34.268209999999996,34.26820874878755,108.9473187910116,254489533.0
1475293169.0,108.94724,34.268209999999996,34.26820874878755,108.9473187910116,254489533.0
1475293172.0,108.94724,34.268209999999996,34.26820874878755,108.9473187910116,254489533.0
1475293175.0,108.94724,34.268209999999996,34.26820874878755,108.9473187910116,254489533.0
1475293178.0,108.94724,34.268209999999996,34.26820874878755,108.9473187910116,254489533.0
1475293181.0,108.94724,34.268209999999996,34.26820874878755,108.9473187910116,254489533.0
1475293184.0,108.94724,34.268209999999996,34.26820874878755,108.9473187910116,254489533.0
1475293187.0,108.94724,34.268209999999996,34.26820874878755,108.9473187910116,254489533.0
1475293190.0,108.94724,34.268209999999996,34.26820874878755,108.9473187910116,254489533.0
1475293193.0,108.94724,34.268209999999996,34.26820874878755,108.9473187910116,254489533.0
1475293196.0,108.94724,34.268209999999996,34.26820874878755,108.9473187910116,254489533.0
1475293199.0,108.94724,34.268209999999996,34.26820874878755,108.9473187910116,254489533.0
1475293202.0,108.94724,34.268209999999996,34.26820874878755,108.9473187910116,254489533.0
1475293205.0,108.94724,34.268209999999996,34.26820874878755,108.9473187910116,254489533.0
1475293208.0,108.94724,34.268209999999996,34.26820874878755,108.9473187910116,254489533.0
1475293214.0,108.94724,34.268209999999996,34.26820874878755,108.9473187910116,254489533.0
1475293217.0,108.94724,34.268209999999996,34.26820874878755,108.9473187910116,254489533.0
1475293220.0,108.94724,34.268209999999996,34.26820874878755,108.9473187910116,254489533.0
1475293223.0,108.94724,34.268209999999996,34.26820874878755,108.9473187910116,254489533.0
1475293226.0,108.94724,34.268209999999996,34.26820874878755,108.9473187910116,254489533.0
1475293229.0,108.94724,34.268209999999996,34.26820874878755,108.9473187910116,254489533.0
1475293232.0,108.94724,34.268209999999996,34.26820874878755,108.9473187910116,254489533.0
1475293235.0,108.94724,34.268209999999996,34.26820874878755,108.9473187910116,254489533.0
1475293238.0,108.94724,34.268209999999996,34.26820874878755,108.9473187910116,254489533.0
1475293241.0,108.94724,34.268209999999996,34.26820874878755,108.9473187910116,254489533.0
1475293244.0,108.94724,34.26829,34.268288719065126,108.94732064815192,254489533.0
1475293247.0,108.94724,34.26842,34.268418670766536,108.94732366600417,254489533.0
1475293250.0,108.94724,34.26856,34.268558618753154,108.94732691599742,254489533.0
1475293253.0,108.94724,34.26875,34.268748548164375,108.94733132670065,254489533.0
1475293256.0,108.94724,34.26886,34.268858507297566,108.9473338802645,254489533.0
1475293259.0,108.94724,34.26886,34.268858507297566,108.9473338802645,254489533.0
1475293262.0,108.94725,34.26896,34.2689586301413,108.94733620540094,254489533.0
1475293265.0,108.94725,34.26896,34.2689586301413,108.94733620540094,254489533.0
1475293268.0,108.94725,34.269059999999996,34.269058592989595,108.94733852682128,254489533.0
1475293271.0,108.94725,34.269059999999996,34.269058592989595,108.94733852682128,254489533.0
1475293274.0,108.94725,34.26918,34.269178548407886,108.9473413125247,254489533.0
1475293277.0,108.94725,34.26928,34.26927851125671,108.94734363394348,254489533.0
1475293280.0,108.94725,34.26928,34.26927851125671,108.94734363394348,254489533.0
1475293283.0,108.94726000000001,34.2694,34.26939862666881,108.9473464233606,254489533.0
1475293286.0,108.94726000000001,34.2694,34.26939862666881,108.9473464233606,254489533.0
1475293289.0,108.94726000000001,34.2694,34.26939862666881,108.9473464233606,254489533.0
1475293292.0,108.94726000000001,34.26952,34.269518582087414,108.94734920906124,254489533.0
1475293295.0,108.94726000000001,34.26952,34.269518582087414,108.94734920906124,254489533.0
1475293298.0,108.94726000000001,34.269709999999996,34.26970851150091,108.94735361975194,254489533.0
1475293301.0,108.94713999999999,34.26995,34.26995947079101,108.94713987827065,142321461.0
1475293304.0,108.94708,34.26995,34.26995893977817,108.94707988508344,142321461.0
1475293307.0,108.94693000000001,34.26995,34.26995761211757,108.94692990212057,142321461.0
1475293310.0,108.94668,34.26995,34.269955398941924,108.9466799305314,142321461.0
1475293313.0,108.94635,34.26995,34.26995247676918,108.94634996806386,142321461.0
1475293316.0,108.946,34.26995,34.269949376524075,108.94600000790838,142321461.0
1475293319.0,108.94556999999999,34.26995,34.269945566283134,108.94557005691313,142321461.0
1475293322.0,108.94511000000001,34.26995,34.26994148854114,108.94511010940128,142321461.0
1475293325.0,108.94446,34.269940000000005,34.269935722428734,108.94446005496089,142321461.0
1475293328.0,108.94411000000001,34.269940000000005,34.26993261678527,108.9441100949724,142321461.0
1475293331.0,108.94356,34.269940000000005,34.26992773446891,108.94356015792566,142321461.0
1475293334.0,108.94301000000002,34.26993,34.26992284853909,108.94301009208077,142321461.0
1475293337.0,108.94252,34.26992,34.26991683490609,108.94252006400154,142321461.0
1475293340.0,108.94207,34.269909999999996,34.26991055812266,108.94206998867143,142321461.0
1475293343.0,108.94143999999999,34.26996,34.269901785920226,108.94144117848226,142321461.0
1475293346.0,108.94093000000001,34.26995,34.26989466799593,108.94093112047004,142321461.0
1475293349.0,108.94063,34.269940000000005,34.26989048227361,108.94063100171749,142321461.0
1475293352.0,108.94012,34.269940000000005,34.26988337221284,108.94012114589722,142321461.0
1475293355.0,108.93956999999999,34.26993,34.269875699300115,108.93957109915932,142321461.0
1475293358.0,108.93906000000001,34.26992,34.26986858200484,108.93906104111592,142321461.0
1475293361.0,108.93843999999999,34.26992,34.269859925081626,108.93844123026709,142321461.0
1475293364.0,108.93815,34.26992,34.269855832587965,108.93815131429936,142321461.0
1475293367.0,108.93815,34.26992,34.269855832587965,108.93815131429936,142321461.0
1475293370.0,108.93815,34.26992,34.269855832587965,108.93815131429936,142321461.0
1475293373.0,108.93815,34.26992,34.269855832587965,108.93815131429936,142321461.0
1475293376.0,108.93815,34.26992,34.269855832587965,108.93815131429936,142321461.0
1475293379.0,108.93815,34.26992,34.269855832587965,108.93815131429936,142321461.0
1475293382.0,108.93815,34.26992,34.269855832587965,108.93815131429936,142321461.0
1475293385.0,108.93815,34.26992,34.269855832587965,108.93815131429936,142321461.0
1475293388.0,108.93815,34.26992,34.269855832587965,108.93815131429936,142321461.0
1475293391.0,108.93796,34.26992,34.26985316501443,108.9379613252936,142321461.0
1475293394.0,108.93771000000001,34.26992,34.26985040898028,108.93771153344295,142321461.0
1475293397.0,108.93743,34.26992,34.26984615763805,108.9374316273675,142321461.0
1475293400.0,108.93728,34.26992,34.26984387987039,108.93728167770159,142321461.0
1475293403.0,108.93728,34.26992,34.26984387987039,108.93728167770159,142321461.0
1475293406.0,108.93711,34.269909999999996,34.26984129483104,108.93711151441099,142321461.0
1475293409.0,108.93711,34.269909999999996,34.26984129483104,108.93711151441099,142321461.0
1475293412.0,108.93693,34.26985,34.269838734391676,108.93693022799671,142321461.0
1475293415.0,108.93673999999999,34.26985,34.269836084317376,108.9367402816692,142321461.0
1475293418.0,108.93651000000001,34.26985,34.269832875938896,108.93651034666505,142321461.0
1475293421.0,108.93621999999999,34.26984,34.26982882715195,108.93622022621292,142321461.0
1475293424.0,108.93595,34.26984,34.26982505960494,108.93595030255274,142321461.0
1475293427.0,108.93562,34.26983,34.269820451190704,108.93562019339424,142321461.0
1475293430.0,108.93526000000001,34.26983,34.26981542590029,108.93526029525316,142321461.0
1475293433.0,108.93483,34.26983,34.269809422085245,108.93483041700216,142321461.0
1475293436.0,108.93445,34.26982,34.269804112302154,108.93445032202051,142321461.0
1475293439.0,108.93406999999999,34.26981,34.2697988013392,108.93407022702051,142321461.0
1475293442.0,108.9337,34.26979,34.26964145701437,108.9337022907873,266957160.0
1475293445.0,108.93341000000001,34.26979,34.26963837463777,108.9334123388454,266957160.0
1475293448.0,108.93323000000001,34.26979,34.26963646109345,108.93323236869051,266957160.0
1475293451.0,108.93314,34.26979,34.26963550422218,108.93314238361765,266957160.0
1475293454.0,108.93314,34.26979,34.26963550422218,108.93314238361765,266957160.0
1475293457.0,108.93293,34.26995,34.26995249911807,108.93285422933786,369790063.0
1475293460.0,108.93293,34.26995,34.26995249911807,108.93285422933786,369790063.0
1475293463.0,108.93293999999999,34.27021,34.270212420713854,108.93286661608278,369790063.0
1475293469.0,108.93297,34.27065,34.270649857077345,108.93310487757677,460976632.0
1475293472.0,108.93297,34.27089,34.27088985664161,108.93310527350029,460976632.0
1475293475.0,108.93298,34.27118,34.27145489993016,108.93298947575916,59140344.0
1475293478.0,108.93298999999999,34.27143,34.27145486712334,108.93299085661856,59140344.0
1475293481.0,108.93299999999999,34.2717,34.27169762895671,108.93311368353537,460976632.0
1475293484.0,108.93301000000001,34.27193,34.27192769196122,108.93312067627468,460976632.0
1475293487.0,108.93302,34.27217,34.27216774860276,108.93312797277504,460976632.0
1475293490.0,108.93302,34.27244,34.27243757682128,108.93313617418659,460976632.0
1475293493.0,108.93302,34.2727,34.27269741140429,108.933144071849,460976632.0
1475293496.0,108.93302,34.27285,34.27284731597237,108.93314862819572,460976632.0
1475293499.0,108.93302,34.27285,34.27284731597237,108.93314862819572,460976632.0
1475293502.0,108.93302,34.27285,34.27284731597237,108.93314862819572,460976632.0
1475293505.0,108.93302,34.27285,34.27284731597237,108.93314862819572,460976632.0
1475293508.0,108.93302,34.27285,34.27284731597237,108.93314862819572,460976632.0
1475293511.0,108.93302,34.27285,34.27284731597237,108.93314862819572,460976632.0
1475293514.0,108.93302,34.27285,34.27284731597237,108.93314862819572,460976632.0
1475293517.0,108.93302,34.27285,34.27284731597237,108.93314862819572,460976632.0
1475293520.0,108.93302,34.27297,34.272966331981266,108.9331531839575,460976632.0
1475293523.0,108.93303,34.273070000000004,34.27306649730388,108.93315719815756,460976632.0
1475293526.0,108.93303,34.27333,34.273326209864,108.93316760634752,460976632.0
1475293529.0,108.93303,34.273559999999996,34.27355595559247,108.93317681361113,460976632.0
1475293532.0,108.93303999999999,34.27381,34.273813453663,108.93298243594455,369790063.0
1475293535.0,108.93306000000001,34.274159999999995,34.2741628360332,108.93301276109304,369790063.0
1475293538.0,108.93307,34.27438,34.27438229478514,108.93303180942327,369790063.0
1475293541.0,108.93308,34.27462,34.27462165023281,108.9330525848036,369790063.0
1475293544.0,108.93308,34.27486,34.27486041060422,108.93307330861549,369790063.0
1475293547.0,108.93308999999999,34.27505,34.275050024306104,108.93308976667628,369790063.0
1475293550.0,108.9331,34.27528,34.27527943140167,108.93310967878742,369790063.0
1475293556.0,108.9331,34.27556,34.27556016269407,108.93312766155142,369790063.0
1475293559.0,108.9331,34.27556,34.27556016269407,108.93312766155142,369790063.0
1475293562.0,108.9331,34.27556,34.27556016269407,108.93312766155142,369790063.0
1475293565.0,108.9331,34.27556,34.27556016269407,108.93312766155142,369790063.0
1475293568.0,108.9331,34.27556,34.27556016269407,108.93312766155142,369790063.0
1475293571.0,108.9331,34.27556,34.27556016269407,108.93312766155142,369790063.0
1475293574.0,108.9331,34.27556,34.27556016269407,108.93312766155142,369790063.0
1475293577.0,108.9331,34.27556,34.27556016269407,108.93312766155142,369790063.0
1475293580.0,108.93311000000001,34.27568,34.27568010752033,108.93312665588759,447556644.0
1475293583.0,108.93311000000001,34.275859999999994,34.275859049564374,108.93310312719456,447556669.0
1475293586.0,108.93311000000001,34.275859999999994,34.275859049564374,108.93310312719456,447556669.0
1475293589.0,108.9331,34.27608,34.27607981059695,108.93308507063091,447556669.0
1475293592.0,108.9331,34.27608,34.27607981059695,108.93308507063091,447556669.0
1475293595.0,108.9331,34.27608,34.27607981059695,108.93308507063091,447556669.0
1475293598.0,108.9331,34.27608,34.27607981059695,108.93308507063091,447556669.0
1475293601.0,108.9331,34.27619,34.27619013508966,108.93308350966068,369790062.0
1475293604.0,108.9331,34.27619,34.27619013508966,108.93308350966068,369790062.0
1475293607.0,108.9331,34.27619,34.27619013508966,108.93308350966068,369790062.0
1475293610.0,108.9331,34.27619,34.27619013508966,108.93308350966068,369790062.0
1475293613.0,108.9331,34.27619,34.27619013508966,108.93308350966068,369790062.0
1475293616.0,108.9331,34.27619,34.27619013508966,108.93308350966068,369790062.0
1475293619.0,108.9331,34.27619,34.27619013508966,108.93308350966068,369790062.0
1475293622.0,108.9331,34.27619,34.27619013508966,108.93308350966068,369790062.0
1475293625.0,108.9331,34.27619,34.27619013508966,108.93308350966068,369790062.0
1475293628.0,108.9331,34.27619,34.27619013508966,108.93308350966068,369790062.0
1475293631.0,108.93308999999999,34.27628,34.2762800519881,108.93308449655544,369790062.0
1475293634.0,108.93308999999999,34.27628,34.2762800519881,108.93308449655544,369790062.0
1475293637.0,108.93308999999999,34.27628,34.2762800519881,108.93308449655544,369790062.0
1475293640.0,108.93308999999999,34.276379999999996,34.27638004368707,108.93308559402399,369790062.0
1475293643.0,108.93308999999999,34.276379999999996,34.27638004368707,108.93308559402399,369790062.0
1475293646.0,108.93308999999999,34.276379999999996,34.27638004368707,108.93308559402399,369790062.0
1475293649.0,108.93308999999999,34.276379999999996,34.27638004368707,108.93308559402399,369790062.0
1475293652.0,108.93308999999999,34.276379999999996,34.27638004368707,108.93308559402399,369790062.0
1475293655.0,108.93308999999999,34.276379999999996,34.27638004368707,108.93308559402399,369790062.0
1475293658.0,108.93308999999999,34.276379999999996,34.27638004368707,108.93308559402399,369790062.0
1475293661.0,108.93308999999999,34.27647,34.27644307120199,108.93305601892756,267161908.0
1475293664.0,108.93308999999999,34.27647,34.27644307120199,108.93305601892756,267161908.0
1475293667.0,108.93308999999999,34.27647,34.27644307120199,108.93305601892756,267161908.0
1475293670.0,108.93323999999998,34.2765,34.27647926441021,108.93325382416245,369790065.0
1475293673.0,108.93323999999998,34.2765,34.27647926441021,108.93325382416245,369790065.0
1475293676.0,108.93323999999998,34.2765,34.27647926441021,108.93325382416245,369790065.0
1475293679.0,108.93337,34.2765,34.27652251035617,108.93334799975462,369790065.0
1475293682.0,108.93337,34.2765,34.27652251035617,108.93334799975462,369790065.0
1475293685.0,108.93352,34.2765,34.276526265196644,108.93351916399708,463727050.0
1475293688.0,108.93352,34.2765,34.276526265196644,108.93351916399708,463727050.0
1475293691.0,108.9338,34.276509999999995,34.276532409751354,108.93379928679977,463727050.0
1475293694.0,108.934,34.276509999999995,34.276536793343965,108.93399914733692,463727050.0
1475293697.0,108.934,34.276509999999995,34.276536793343965,108.93399914733692,463727050.0
1475293700.0,108.934,34.276509999999995,34.276536793343965,108.93399914733692,463727050.0
1475293703.0,108.934,34.276509999999995,34.276536793343965,108.93399914733692,463727050.0
1475293706.0,108.93412,34.27652,34.27653943031814,108.93411938170622,463727050.0
1475293709.0,108.93428,34.27652,34.276542936800645,108.93427927015442,463727050.0
1475293712.0,108.93437,34.27652,34.27654490910549,108.93436920741526,463727050.0
1475293715.0,108.93451,34.27653,34.27654798397704,108.93450942781956,463727050.0
1475293718.0,108.93451,34.27653,34.27654798397704,108.93450942781956,463727050.0
1475293724.0,108.93451,34.27653,34.27654798397704,108.93450942781956,463727050.0
1475293727.0,108.93451,34.27653,34.27654798397704,108.93450942781956,463727050.0
1475293733.0,108.93451,34.27653,34.27654798397704,108.93450942781956,463727050.0
1475293736.0,108.93451,34.27653,34.27654798397704,108.93450942781956,463727050.0
1475293739.0,108.93451,34.27653,34.27654798397704,108.93450942781956,463727050.0
1475293745.0,108.93451,34.27653,34.27654798397704,108.93450942781956,463727050.0
1475293751.0,108.93451,34.27653,34.27654798397704,108.93450942781956,463727050.0
1475293754.0,108.93451,34.27653,34.27654798397704,108.93450942781956,463727050.0
1475293757.0,108.93451,34.27653,34.27654798397704,108.93450942781956,463727050.0
1475293760.0,108.93451,34.27653,34.27654798397704,108.93450942781956,463727050.0
1475293763.0,108.93451,34.27653,34.27654798397704,108.93450942781956,463727050.0
1475293766.0,108.93451,34.27653,34.27654798397704,108.93450942781956,463727050.0
1475293769.0,108.93451,34.27653,34.27654798397704,108.93450942781956,463727050.0
1475293772.0,108.93451,34.27653,34.27654798397704,108.93450942781956,463727050.0
1475293775.0,108.93451,34.27653,34.27654798397704,108.93450942781956,463727050.0
1475293778.0,108.93451,34.27653,34.27654798397704,108.93450942781956,463727050.0
1475293781.0,108.9346,34.27653,34.27654995611289,108.93459936508587,463727050.0
1475293784.0,108.9346,34.27653,34.27654995611289,108.93459936508587,463727050.0
1475293787.0,108.93473,34.27653,34.27655280463716,108.93472927448171,463727050.0
1475293790.0,108.93473,34.27653,34.27655280463716,108.93472927448171,463727050.0
1475293793.0,108.93473,34.27653,34.27655280463716,108.93472927448171,463727050.0
1475293796.0,108.9349,34.276579999999996,34.27664679740634,108.93489944740415,768088155.0
1475293799.0,108.93503,34.276709999999994,34.2767112977276,108.93503003196571,263773997.0
1475293802.0,108.93503,34.276709999999994,34.2767112977276,108.93503003196571,263773997.0
1475293805.0,108.93505,34.27682,34.27683484548752,108.93515075666124,263773395.0
1475293808.0,108.93505,34.27682,34.27683484548752,108.93515075666124,263773395.0
1475293811.0,108.93498999999998,34.27691,34.27697201528342,108.9350179187825,263773395.0
1475293820.0,108.93445,34.27702,34.27701022802643,108.93445462209972,263773395.0
1475293823.0,108.9342,34.27698,34.276934344093235,108.9342215781632,263773395.0
1475293826.0,108.93393,34.27693,34.276855713943355,108.93395107493332,263773395.0
1475293829.0,108.93377,34.27691,34.27682503010349,108.93379410571006,263773395.0
1475293832.0,108.93364,34.27689,34.27680881056241,108.93365206448543,263773395.0
1475293835.0,108.93364,34.27689,34.27680881056241,108.93365206448543,263773395.0
1475293838.0,108.93364,34.27689,34.27680881056241,108.93365206448543,263773395.0
1475293841.0,108.93364,34.27689,34.27680881056241,108.93365206448543,263773395.0
1475293844.0,108.93364,34.27689,34.27680881056241,108.93365206448543,263773395.0
1475293847.0,108.93364,34.27689,34.27680881056241,108.93365206448543,263773395.0
1475293850.0,108.93364,34.27689,34.27680881056241,108.93365206448543,263773395.0
1475293853.0,108.93364,34.27689,34.27680881056241,108.93365206448543,263773395.0
1475293856.0,108.93364,34.27689,34.27680881056241,108.93365206448543,263773395.0
1475293859.0,108.93364,34.27689,34.27680881056241,108.93365206448543,263773395.0
1475293862.0,108.93354,34.27688,34.276798575212595,108.93355209955023,263773395.0
1475293865.0,108.93354,34.27688,34.276798575212595,108.93355209955023,263773395.0
1475293868.0,108.93354,34.27688,34.276798575212595,108.93355209955023,263773395.0
1475293871.0,108.93354,34.27688,34.276798575212595,108.93355209955023,263773395.0
1475293874.0,108.93354,34.27688,34.276798575212595,108.93355209955023,263773395.0
1475293877.0,108.93354,34.27688,34.276798575212595,108.93355209955023,263773395.0
1475293880.0,108.93354,34.27688,34.276798575212595,108.93355209955023,263773395.0
1475293883.0,108.93354,34.27688,34.276798575212595,108.93355209955023,263773395.0
1475293887.0,108.93354,34.27688,34.276798575212595,108.93355209955023,263773395.0
1475293889.0,108.93354,34.27688,34.276798575212595,108.93355209955023,263773395.0
1475293892.0,108.93354,34.27688,34.276798575212595,108.93355209955023,263773395.0
1475293895.0,108.93354,34.27688,34.276798575212595,108.93355209955023,263773395.0
1475293898.0,108.93354,34.27688,34.276798575212595,108.93355209955023,263773395.0
1475293901.0,108.93354,34.27688,34.276798575212595,108.93355209955023,263773395.0
1475293904.0,108.93343,34.27688,34.27683459564388,108.93338219962364,267404268.0
1475293907.0,108.93343,34.27688,34.27683459564388,108.93338219962364,267404268.0
1475293910.0,108.9333,34.27688,34.276885488763014,108.9333299289296,267404268.0
1475293913.0,108.9333,34.27688,34.276885488763014,108.9333299289296,267404268.0
1475293916.0,108.93312,34.27711,34.277117310363515,108.93310659975441,149141429.0
1475293919.0,108.93313,34.27734,34.2773404239925,108.9331165768467,149141429.0
1475293922.0,108.93314,34.27754,34.277684358742945,108.93297391343495,503514945.0
1475293925.0,108.93315,34.27775,34.27775147995401,108.93303287609841,503514945.0
1475293928.0,108.93316000000002,34.27793,34.27793156427938,108.93303615500251,503514945.0
1475293931.0,108.93316000000002,34.27802,34.27802154371743,108.93303779331016,503514945.0
1475293934.0,108.93316999999999,34.27819,34.27819163032668,108.93304089017107,503514945.0
1475293937.0,108.93316999999999,34.27819,34.27819163032668,108.93304089017107,503514945.0
1475293940.0,108.93318000000001,34.27832,34.2783206736388,108.93315036075742,149141429.0
1475293943.0,108.93318000000001,34.27832,34.2783206736388,108.93315036075742,149141429.0
1475293946.0,108.93318000000001,34.27832,34.2783206736388,108.93315036075742,149141429.0
1475293949.0,108.93318000000001,34.27832,34.2783206736388,108.93315036075742,149141429.0
1475293952.0,108.93318000000001,34.27832,34.2783206736388,108.93315036075742,149141429.0
1475293955.0,108.93318000000001,34.27832,34.2783206736388,108.93315036075742,149141429.0
1475293958.0,108.93318000000001,34.27832,34.2783206736388,108.93315036075742,149141429.0
1475293961.0,108.93318000000001,34.27845,34.27845057922791,108.93315457948546,149141429.0
1475293964.0,108.93318000000001,34.27845,34.27845057922791,108.93315457948546,149141429.0
1475293967.0,108.93318000000001,34.27845,34.27845057922791,108.93315457948546,149141429.0
1475293970.0,108.93318000000001,34.27845,34.27845057922791,108.93315457948546,149141429.0
1475293973.0,108.93318000000001,34.27845,34.27845057922791,108.93315457948546,149141429.0
1475293976.0,108.93318000000001,34.27845,34.27845057922791,108.93315457948546,149141429.0
1475293979.0,108.93318000000001,34.27845,34.27845057922791,108.93315457948546,149141429.0
1475293982.0,108.93318000000001,34.27845,34.27845057922791,108.93315457948546,149141429.0
1475293985.0,108.93318000000001,34.27845,34.27845057922791,108.93315457948546,149141429.0
1475293988.0,108.93318000000001,34.27845,34.27845057922791,108.93315457948546,149141429.0
1475293991.0,108.93318000000001,34.27845,34.27845057922791,108.93315457948546,149141429.0
1475293994.0,108.93318000000001,34.27845,34.27845057922791,108.93315457948546,149141429.0
1475293997.0,108.93318000000001,34.27845,34.27845057922791,108.93315457948546,149141429.0
1475294000.0,108.93318000000001,34.27845,34.27845057922791,108.93315457948546,149141429.0
1475294003.0,108.93318000000001,34.27845,34.27845057922791,108.93315457948546,149141429.0
1475294006.0,108.93318000000001,34.27845,34.27845057922791,108.93315457948546,149141429.0
1475294009.0,108.93318000000001,34.27845,34.27845057922791,108.93315457948546,149141429.0
1475294015.0,108.93318000000001,34.27845,34.27845057922791,108.93315457948546,149141429.0
1475294018.0,108.93318000000001,34.27845,34.27845057922791,108.93315457948546,149141429.0
1475294021.0,108.93318000000001,34.27845,34.27845057922791,108.93315457948546,149141429.0
1475294024.0,108.93318000000001,34.27845,34.27845057922791,108.93315457948546,149141429.0
1475294027.0,108.93318000000001,34.27845,34.27845057922791,108.93315457948546,149141429.0
1475294030.0,108.93318000000001,34.27845,34.27845057922791,108.93315457948546,149141429.0
1475294033.0,108.93318000000001,34.27845,34.27845057922791,108.93315457948546,149141429.0
1475294036.0,108.93319,34.27855,34.27855073022718,108.93315783192485,149141429.0
1475294039.0,108.93319,34.27855,34.27855073022718,108.93315783192485,149141429.0
1475294042.0,108.93319,34.27867,34.27867064307874,108.93316172613936,149141429.0
1475294048.0,108.93319,34.27867,34.27867064307874,108.93316172613936,149141429.0
1475294051.0,108.93319,34.27878,34.27878056319307,108.93316529583784,149141429.0
1475294054.0,108.93319,34.27878,34.27878056319307,108.93316529583784,149141429.0
1475294057.0,108.9332,34.278890000000004,34.27889059604603,108.93316857335287,149141429.0
1475294060.0,108.9332,34.27901,34.279010535589634,108.93317181719091,149141429.0
1475294063.0,108.9332,34.27901,34.279010535589634,108.93317181719091,149141429.0
1475294066.0,108.93321,34.27912,34.27912066644497,108.93317479574718,149141429.0
1475294069.0,108.93321,34.27912,34.27912066644497,108.93317479574718,149141429.0
1475294075.0,108.93321,34.27922,34.27922061606462,108.93317749894587,149141429.0
1475294078.0,108.93321,34.27937,34.2793705357706,108.9331815275478,149141429.0
1475294081.0,108.93321,34.27937,34.2793705357706,108.9331815275478,149141429.0
1475294084.0,108.93321999999999,34.2795,34.2795006560006,108.9331850121609,149141429.0
1475294087.0,108.93321999999999,34.2795,34.2795006560006,108.9331850121609,149141429.0
1475294090.0,108.93321999999999,34.2795,34.2795006560006,108.9331850121609,149141429.0
1475294093.0,108.93321999999999,34.2795,34.2795006560006,108.9331850121609,149141429.0
1475294096.0,108.93321999999999,34.2795,34.2795006560006,108.9331850121609,149141429.0
1475294099.0,108.93321999999999,34.2795,34.2795006560006,108.9331850121609,149141429.0
1475294102.0,108.93321999999999,34.2795,34.2795006560006,108.9331850121609,149141429.0
1475294105.0,108.93321999999999,34.2795,34.2795006560006,108.9331850121609,149141429.0
1475294108.0,108.93321999999999,34.2795,34.2795006560006,108.9331850121609,149141429.0
1475294111.0,108.93321999999999,34.2795,34.2795006560006,108.9331850121609,149141429.0
1475294114.0,108.93321999999999,34.2795,34.2795006560006,108.9331850121609,149141429.0
1475294117.0,108.93321999999999,34.2795,34.2795006560006,108.9331850121609,149141429.0
1475294120.0,108.93321999999999,34.2795,34.2795006560006,108.9331850121609,149141429.0
1475294123.0,108.93321999999999,34.2795,34.2795006560006,108.9331850121609,149141429.0
1475294126.0,108.93321999999999,34.2795,34.2795006560006,108.9331850121609,149141429.0
1475294129.0,108.93321999999999,34.2795,34.2795006560006,108.9331850121609,149141429.0
1475294132.0,108.93321999999999,34.2795,34.2795006560006,108.9331850121609,149141429.0
1475294135.0,108.93321999999999,34.2795,34.2795006560006,108.9331850121609,149141429.0
1475294138.0,108.93321999999999,34.2795,34.2795006560006,108.9331850121609,149141429.0
1475294141.0,108.93321999999999,34.2795,34.2795006560006,108.9331850121609,149141429.0
1475294144.0,108.93321999999999,34.2795,34.2795006560006,108.9331850121609,149141429.0
1475294147.0,108.93321999999999,34.2795,34.2795006560006,108.9331850121609,149141429.0
1475294150.0,108.93321999999999,34.2795,34.2795006560006,108.9331850121609,149141429.0
1475294153.0,108.93321999999999,34.2795,34.2795006560006,108.9331850121609,149141429.0
1475294156.0,108.93321999999999,34.2795,34.2795006560006,108.9331850121609,149141429.0
1475294159.0,108.93321999999999,34.2795,34.2795006560006,108.9331850121609,149141429.0
1475294162.0,108.93321999999999,34.2795,34.2795006560006,108.9331850121609,149141429.0
1475294165.0,108.93321999999999,34.279579999999996,34.27958061648416,108.93318715349872,149141429.0
1475294168.0,108.93321999999999,34.279720000000005,34.279720547330825,108.93319090084,149141429.0
1475294171.0,108.93321999999999,34.27981,34.2798105028754,108.93319330984528,149141429.0
1475294174.0,108.93323000000001,34.27989,34.27989064780172,108.93319545612272,149141429.0
1475294177.0,108.93323000000001,34.27989,34.27989064780172,108.93319545612272,149141429.0
